100.000000 10.200000 10.140000 0.000000 
125.892541 10.200000 10.070000 0.000000 
158.489319 10.200000 10.000000 0.000000 
199.526231 10.130000 10.000000 -1.440000 
251.188643 10.120000 10.000000 0.000000 
316.227766 10.130000 10.000000 -2.278481 
398.107171 10.060000 10.000000 0.000000 
501.187234 10.120000 10.000000 0.000000 
630.957344 10.190000 10.000000 -2.264151 
794.328235 10.190000 10.000000 -5.714285 
1000.000000 10.120000 10.000000 -1.440000 
1258.925412 10.120000 10.000000 -1.818182 
1584.893192 10.190000 10.000000 -2.278481 
1995.262315 10.120000 10.000000 0.000000 
2511.886432 10.190000 10.000000 0.000000 
3162.277660 10.120000 10.000000 -2.264151 
3981.071706 10.120000 10.000000 0.000000 
5011.872336 10.120000 10.000000 0.000000 
6309.573445 10.120000 9.920000 0.000000 
7943.282347 10.120000 9.920000 0.000000 
10000.000000 10.050000 9.920000 2.891566 
12589.254118 10.120000 9.920000 1.809045 
15848.931925 10.120000 9.910000 4.556962 
19952.623150 10.050000 9.840000 4.302789 
25118.864315 10.190000 9.840000 7.236181 
31622.776602 10.110000 9.700000 6.835443 
39810.717055 10.100000 9.620000 11.474100 
50118.723363 10.040000 9.440000 16.200000 
63095.734448 10.040000 9.180000 20.377360 
79432.823472 9.960000 8.879999 20.000000 
100000.000000 9.960000 8.290000 30.240000 
125892.541179 9.820000 7.730000 34.545450 
158489.319246 9.820000 6.960000 41.273880 
199526.231497 9.760000 6.060000 48.764940 
251188.643151 9.620000 5.230000 54.271360 
316227.766017 9.620000 4.400000 56.962020 
398107.170553 9.610001 3.630000 64.541830 
501187.233627 9.550000 2.980000 70.200000 
630957.344480 9.550000 2.420000 70.632910 
794328.234724 9.550000 1.939000 74.285710 
1000000.000000 9.550000 1.582000 77.760000 
1258925.411794 9.540000 1.268000 77.788950 
1584893.192461 9.540000 1.015000 79.746830 
1995262.314969 9.540000 0.801000 83.520000 
2511886.431510 9.480000 0.634000 81.407040 
3162277.660168 9.420000 0.506000 86.582280 
3981071.705535 9.299999 0.394000 87.490040 
5011872.336273 9.230000 0.308000 85.025120 
6309573.444802 9.040000 0.240000 86.582280 
7943282.347243 8.800000 0.182400 88.571420 
1.000000E+7 8.440001 0.135000 90.720000 
